preferential	jaccard	adamic adar	resource allocation	is_dorm	is_year	year_diff	from_high_school	to_high_school	from_major	to_major	is_faculty	is_gender	label
4760	0.125	113.75716749161549	1346.0	0	1	0	1320	16156	199	201	1	0	1
6966	0.2846153846153846	237.62451487402282	3500.0	1	0	2	1277	50498	0	0	1	0	1
3008	0.037383177570093455	28.025182828635508	551.0	0	0	1.5296108291031487	3749	7775	199	204	0	1	1
6270	0.3305785123966942	246.95710661386644	3267.0	1	1	0	2973	3029	205	228	1	1	1
2976	0.0784313725490196	49.158048888833044	748.0	0	1	0	0	0	202	208	1	1	1
3708	0.1487603305785124	110.50841869832162	1504.0	1	0	2	0	1326	202	211	0	1	1
648	0.02702702702702703	18.94063477212102	245.0	0	1	0	2072	52088	194	202	0	0	1
10488	0.2159090909090909	245.61275778235577	3577.0	0	0	3	1912	2749	202	208	0	1	1
912	0.12727272727272726	40.15043138506389	384.0	0	1	0	1277	17895	199	209	1	0	1
9409	0.12790697674418605	144.1241304707656	2286.0	0	1	0	2790	4416	190	204	1	1	1
7128	0.12987012987012986	127.05382530746937	1889.0	0	0	1	2072	50964	194	212	1	0	1
4815	0.23577235772357724	173.7199497609386	2149.0	1	1	0	0	3735	198	228	1	1	1
567	0.014084507042253521	7.417852514885898	171.0	0	0	2	0	1320	223	228	1	1	1
1904	0.42857142857142855	161.22906159181545	2157.0	0	1	0	6088	50343	199	204	1	1	1
7488	0.1657142857142857	181.48606479986807	2484.0	1	0	1	5997	50028	201	222	1	0	1
3239	0.1111111111111111	79.88402678339166	1270.0	0	0	3	2072	50775	199	223	0	1	1
1326	0.30357142857142855	107.79862388852692	1536.0	1	0	0.4703891708968513	0	2460	208	228	1	1	1
6448	0.1891891891891892	179.18120638930205	2598.0	1	0	1	0	2749	222	223	1	1	1
1232	0.07368421052631578	43.15732192922448	677.0	0	1	0	0	2702	208	212	1	0	1
5700	0.11029411764705882	103.76544656858911	1916.0	0	0	2	1912	17247	202	202	0	0	1
2652	0.13186813186813187	79.4326980207491	1302.0	0	1	0	4151	51697	208	228	1	1	1
4214	0.2980769230769231	190.09897509180936	2471.0	1	1	0	3246	22564	202	228	1	0	1
1700	0.10714285714285714	52.597149915644344	735.0	0	1	0	2725	10573	196	228	1	0	1
1972	0.0898876404494382	54.679718705474194	1011.0	0	1	0	2597	50034	209	228	1	1	1
11446	0.12946428571428573	176.49872361415203	2377.0	0	1	0	2152	2395	196	199	1	0	1
513	0.0	0.0	0.0	0	1	0	4423	50154	208	222	1	1	1
1210	0.203125	81.2890772061931	1169.0	0	0	3	0	2868	208	226	0	1	1
5760	0.12195121951219512	119.89853261976955	1482.0	1	0	1	5477	50747	202	205	0	1	1
8520	0.15060240963855423	164.48156634503582	2686.0	0	0	0.4703891708968513	0	52730	0	207	1	0	1
1020	0.07777777777777778	41.371864359313214	498.0	1	0	3	3125	17528	202	209	1	0	1
4032	0.11304347826086956	84.75461096213826	1343.0	0	0	1.4703891708968513	3448	50666	205	228	0	0	1
4930	0.1171875	104.1105455464663	1967.0	0	1	0	17528	26149	199	202	1	1	1
2002	0.11956521739130435	72.84951800330998	1176.0	0	1	0	1268	20327	208	222	1	1	1
3481	0.22916666666666666	139.2224548014992	1921.0	1	0	1	3604	26459	202	222	1	0	1
2409	0.20454545454545456	114.94464198399874	1666.0	0	1	0	17636	21778	212	228	1	1	1
4503	0.20353982300884957	143.6157297873848	1869.0	0	1	0	2788	14474	201	208	1	1	1
9792	0.09278350515463918	112.9837531805602	1690.0	0	0	1	5477	50034	205	209	0	1	1
780	0.3111111111111111	81.68708694537628	1009.0	1	1	0	0	0	207	223	1	0	1
4590	0.08088235294117647	71.44457965095299	1178.0	0	0	2	21221	24548	190	228	0	1	1
2501	0.25925925925925924	130.62540163639403	1798.0	1	1	0	3390	15903	205	228	1	1	1
1078	0.33962264150943394	114.57073479164319	1739.0	1	1	0	0	24099	223	226	1	1	1
6840	0.04975124378109453	62.974495291620514	983.0	0	0	1	3899	4423	204	222	1	1	1
1892	0.0223463687150838	24.706128152662217	390.0	0	0	1	0	2041	209	228	1	1	1
3784	0.32653061224489793	196.84302669228518	2673.0	1	1	0	2026	50093	201	223	1	1	1
1672	0.10810810810810811	49.99908691375805	694.0	0	1	0	6500	50093	190	223	1	1	1
1584	0.175	74.82156142888616	716.0	0	0	1	250	1506	199	223	1	0	1
12324	0.1989795918367347	249.8838445769043	3579.0	1	0	1	7895	15855	0	201	1	0	1
3910	0.056451612903225805	47.40776169696513	866.0	0	0	2	1272	17528	202	222	0	0	1
8635	0.0707070707070707	88.49874945429234	1290.0	0	0	1	4639	20823	208	223	1	0	1
720	0.05172413793103448	20.490443526075005	425.0	0	1	0	24942	50112	205	223	0	0	1
2044	0.21686746987951808	119.05291456282191	1879.0	1	0	1	15471	21778	212	223	1	1	1
10120	0.03017241379310345	48.66253714731731	896.0	0	0	1	2868	2868	208	220	0	1	1
8976	0.27388535031847133	268.065529855787	3579.0	0	0	1	21566	23321	201	202	1	1	1
1836	0.13095238095238096	71.5334247010853	1112.0	0	1	0	25659	50486	199	204	1	1	1
1848	0.15217391304347827	88.99858002615483	1353.0	1	0	1	1267	5347	202	208	1	1	1
5415	0.1875	146.58219401968066	1947.0	0	1	0	2973	14474	208	228	1	0	1
11058	0.09606986899563319	136.82760762075014	1805.0	0	1	0	2395	3300	196	196	1	1	1
4851	0.2542372881355932	187.97506581151043	2490.0	1	0	2	3310	9414	199	223	1	0	1
4968	0.14925373134328357	125.18193495581387	1695.0	0	1	0	0	4007	199	205	1	1	1
2500	0.3157894736842105	148.35392387463435	1924.0	1	0	2	2398	50568	194	223	0	1	1
1840	0.07692307692307693	51.72903070581643	803.0	0	1	0	4099	9262	192	205	1	0	1
2040	0.15294117647058825	87.340197869332	1547.0	0	1	0	25659	50112	199	228	1	1	1
1288	0.05333333333333334	27.346807693687293	512.0	0	1	0	2467	23618	199	199	1	0	1
660	0.07042253521126761	31.286771126590914	424.0	1	0	1.5296108291031487	3029	24118	205	206	1	1	1
8910	0.5	401.9802797939193	5694.0	1	1	0	3310	24915	199	228	1	1	1
5896	0.14814814814814814	121.45293554450365	1708.0	0	1	0	5203	9321	192	202	1	0	1
19872	0.3153153153153153	405.96117530131914	4637.0	1	0	2	2072	2868	194	220	1	0	1
3780	0.16417910447761194	136.40032970434982	1857.0	0	0	3	1942	11067	199	212	0	0	1
11524	0.2849462365591398	325.2941089488166	4275.0	1	0	3	1734	2041	190	228	0	0	1
7350	0.13068181818181818	142.73859862387752	1922.0	0	1	0	1272	25399	205	208	1	1	1
585	0.11538461538461539	38.688759463033826	552.0	0	0	1	3218	50578	208	228	1	1	1
2904	0.14173228346456693	101.60117327227674	1310.0	0	0	1	0	25640	222	222	1	0	1
9804	0.27932960893854747	313.52054462022886	4206.0	1	1	0	2041	3300	196	228	1	0	1
18997	0.20869565217391303	296.5120378314577	3954.0	1	0	1	20823	25640	208	222	1	1	1
1950	0.041237113402061855	27.136396656685307	512.0	0	0	3	18123	50416	200	205	0	1	1
5928	0.1925925925925926	155.3068839434279	1965.0	0	1	0	9331	55106	0	199	1	1	1
630	0.039473684210526314	21.55740386728469	437.0	1	0	1	17636	52700	208	222	1	1	1
2976	0.12612612612612611	85.54066538326599	1151.0	1	1	0	1454	9787	208	208	1	1	1
4140	0.05	51.363944856020986	734.0	0	0	2	1380	2749	200	208	1	0	1
6077	0.08	81.88690386854172	1479.0	0	1	0	1702	2152	190	199	1	1	1
5408	0.14705882352941177	127.3578561869003	1872.0	0	0	1	2749	9331	199	223	0	1	1
15200	0.16972477064220184	232.0424519743951	3456.0	0	0	1	18123	20562	207	208	0	1	1
5280	0.09554140127388536	96.73773610680422	1475.0	0	0	2	0	10687	194	223	1	0	1
2640	0.10784313725490197	69.55008638587367	1012.0	0	1	0	6170	23620	209	223	1	1	1
3927	0.10344827586206896	76.88801595581299	1164.0	0	1	0	0	1268	0	208	1	1	1
4158	0.19090909090909092	134.1929801355291	1943.0	0	1	0	2535	3172	199	209	1	0	1
2537	0.5	205.47893683405997	2531.0	1	1	0	2152	3208	199	201	1	1	1
8528	0.4418604651162791	334.9966306812164	4019.0	1	0	1	20730	50112	205	208	0	0	1
7502	0.045714285714285714	54.415692787615605	957.0	0	1	0	17115	25640	204	222	1	0	1
5100	0.0410958904109589	38.2034166178855	532.0	0	1	0	21221	50568	190	194	1	1	1
9234	0.25	246.2996940436828	3448.0	1	1	0	1277	1451	0	199	1	0	1
1540	0.18292682926829268	80.5031659387005	822.0	1	0	1	0	51630	208	223	0	0	1
2607	0.23076923076923078	133.65743980788432	1873.0	1	0	2	1764	4262	190	204	1	1	1
7008	0.4322033898305085	308.1591181063225	3745.0	1	0	1	3945	21778	208	212	1	1	1
11475	0.08571428571428572	117.11936424118016	1741.0	0	1	0	24944	25370	205	208	1	0	1
2376	0.21052631578947367	120.79354727351375	1659.0	1	1	0	2702	50096	212	228	1	0	1
390	0.16216216216216217	39.85086434649993	654.0	0	1	0	9130	50112	208	228	1	1	1
1	0.0	0.0	0.0	0	0	3	25804	57026	194	212	1	0	1
2480	0.275	141.38387129195405	2137.0	1	0	0.4703891708968513	0	1320	202	202	1	0	1
1755	0.10526315789473684	54.25019725430944	916.0	0	1	0	3041	24568	194	208	1	1	1
11011	0.1702127659574468	196.18057283482167	2651.0	1	0	1	2535	23965	209	223	1	1	1
4900	0.38317757009345793	255.47012545902254	3416.0	1	1	0	636	22311	199	228	1	0	1
247	0.5238095238095238	56.19731733412668	488.0	0	1	0	50500	55170	190	199	1	1	1
4189	0.2037037037037037	138.08303041910656	1873.0	0	0	1.5296108291031487	0	2152	0	199	1	0	1
1200	0.05555555555555555	33.23032656155611	544.0	0	1	0	0	0	222	222	1	1	1
3485	0.2	136.5245019007994	2022.0	1	1	0	1496	24140	208	223	1	1	1
3564	0.07432432432432433	72.53303793222649	1197.0	0	1	0	15996	21566	202	228	1	0	1
2574	0.05	30.617747234562003	394.0	0	0	1	24206	26673	208	208	0	1	1
3400	0.19642857142857142	137.29566882930092	1792.0	1	0	0.4703891708968513	5641	8828	0	199	1	0	1
2754	0.23655913978494625	137.10576761476813	1877.0	1	1	0	2460	10608	208	208	1	1	1
10300	0.18023255813953487	200.19442139507615	3128.0	0	0	2	0	8828	199	211	0	1	1
6014	0.11971830985915492	105.7738699021594	1506.0	0	1	0	0	4416	190	202	1	1	1
1078	0.14516129032258066	46.56895857219746	504.0	1	0	1	11601	23645	205	222	1	1	1
2736	0.13114754098360656	101.29871210819917	1427.0	1	0	1	1451	2960	199	205	1	0	1
14632	0.10431654676258993	185.09071714691663	2630.0	0	1	0	19445	23330	208	223	1	1	1
9727	0.24550898203592814	260.7577531209554	3747.0	0	0	0.4703891708968513	0	21841	0	199	1	0	1
1156	0.3076923076923077	101.39433223758381	1519.0	1	1	0	5208	9650	199	222	1	0	1
3740	0.25217391304347825	174.46015736963545	2082.0	1	0	1.5296108291031487	5641	25096	0	208	1	0	1
3300	0.1553398058252427	98.82228366695318	1248.0	1	0	1	11172	17247	202	202	1	1	1
3952	0.31958762886597936	200.55581252045806	3011.0	0	0	1	1912	2749	202	223	0	0	1
4142	0.225	160.48410552243217	1856.0	1	0	2	24005	50747	190	228	1	1	1
4386	0.19834710743801653	141.10484874755997	1792.0	0	1	0	3389	21221	190	228	1	0	1
469	0.07246376811594203	29.44614029945817	388.0	0	1	0	9321	16805	192	199	1	0	1
13416	0.22842639593908629	285.9114336065898	4243.0	0	0	1	5997	50498	0	201	1	0	1
5472	0.184	141.919469899533	1807.0	1	1	0	250	6768	222	223	1	1	1
855	0.125	48.728083206607536	592.0	0	0	0.5296108291031487	3034	20960	0	190	0	0	1
5922	0.291044776119403	239.4906217079263	3189.0	0	0	2	1942	2747	199	212	0	0	1
13700	0.16176470588235295	214.04535649639982	3286.0	0	0	1	1320	21841	199	199	0	1	1
11024	0.4189189189189189	368.26111811423397	4296.0	1	0	1	2661	9331	199	223	0	1	1
4096	0.10344827586206896	81.00877739334994	1441.0	0	1	0	3749	16761	199	205	1	1	1
385	0.01639344262295082	5.977279923499917	63.0	1	1	0	4639	9773	201	223	1	0	1
1836	0.20253164556962025	104.60806582335634	1663.0	1	1	0	17853	21781	190	228	1	1	1
1300	0.3103448275862069	108.78860573970485	1334.0	1	0	1	4573	50568	194	209	1	1	1
2162	0.25675675675675674	119.34328277704634	1655.0	1	1	0	24382	50581	228	228	1	0	1
8370	0.2468354430379747	241.94578466380523	3121.0	0	0	4	1800	9262	199	228	1	0	1
9734	0.20994475138121546	232.8846087430432	3044.0	1	0	1	0	20823	202	208	1	1	1
252	0.06666666666666667	14.3795814348513	308.0	1	1	0	3523	10663	190	223	0	1	1
6510	0.050314465408805034	53.85865450219948	898.0	0	0	1	0	15907	202	228	0	1	1
4650	0.20175438596491227	142.45807433422533	1840.0	1	0	1	17247	50804	202	205	1	0	1
4320	0.15625	124.82077960453863	1784.0	1	0	1.5296108291031487	1320	50831	202	222	1	0	1
2397	0.32432432432432434	147.28498674587735	1899.0	1	1	0	7851	18003	201	223	1	1	1
7488	0.34074074074074073	281.3164292357678	3514.0	1	0	1	2248	2929	201	212	1	0	1
936	0.13333333333333333	52.183689370662385	463.0	0	0	1	250	55170	190	223	1	1	1
4368	0.08875739644970414	89.88849157489582	1115.0	0	0	1	7895	50038	201	222	1	1	1
2790	0.038834951456310676	24.65327894835123	299.0	0	0	1.5296108291031487	1289	1800	199	221	0	0	1
474	0.04938271604938271	10.977279923499916	30.0	0	1	0.0	7903	15943	211	211	1	0	1
1792	0.06976744186046512	40.07250823119395	702.0	1	0	1	1320	1912	199	199	1	0	1
10960	0.3395061728395062	320.7537790190892	3638.0	1	1	0	6170	21841	199	209	1	0	1
4554	0.14	133.43841362971668	1841.0	0	0	1	2749	17636	208	228	1	0	1
6144	0.3333333333333333	248.16574977672929	3169.0	0	1	0	2248	50025	212	223	1	1	1
14632	0.07719298245614035	133.35581188489206	1802.0	0	0	1	2021	19445	223	223	0	0	1
5280	0.13846153846153847	115.0551069729773	1610.0	0	1	0	2661	7110	199	199	1	1	1
9894	0.029411764705882353	42.02338609888303	465.0	0	0	2	2395	18003	196	223	1	0	1
1254	0.16393442622950818	62.35050127910109	825.0	0	1	0	806	11729	209	212	1	0	1
5600	0.08333333333333333	100.86771706318328	1874.0	0	1	0	17836	20562	202	207	1	1	1
840	0.1509433962264151	47.86514637452906	603.0	0	0	1	1320	5211	194	208	1	1	1
12240	0.28651685393258425	323.3145537694053	4504.0	1	0	2	3979	24140	201	223	1	1	1
15336	0.32275132275132273	363.0952522668647	4370.0	0	0	1	4007	50063	190	199	1	1	1
2000	0.1797752808988764	102.78414249773621	1461.0	1	0	1	2397	6170	209	223	1	0	1
11360	0.16080402010050251	200.8426760041867	2773.0	0	0	3	1885	20562	205	207	0	1	1
4617	0.12195121951219512	93.01605729838171	1239.0	0	1	0	1277	14474	0	208	1	0	1
3200	0.30434782608695654	184.1533247401781	2847.0	1	1	0	745	6967	201	209	1	1	1
9088	0.2046783625730994	228.9143239011022	3501.0	0	1	0	16761	50063	190	205	1	1	1
1376	0.034482758620689655	40.65712176948824	675.0	1	0	2	2041	50213	201	228	1	1	1
392	0.2	32.576119528963524	198.0	1	1	0	50038	50293	222	222	1	1	1
5609	0.16279069767441862	134.81784385698475	1943.0	0	1	0	15855	23675	0	196	1	1	1
116	0.01694915254237288	6.459431618637297	88.0	0	0	1.5296108291031487	0	6237	0	222	1	0	1
636	0.04838709677419355	20.206549385766653	356.0	0	1	0	0	50112	195	196	1	0	1
1484	0.05194805194805195	23.73118642428377	341.0	0	0	2	1912	1912	199	222	1	0	1
7440	0.18181818181818182	175.09086324042812	2303.0	0	0	2	50804	52730	205	207	1	0	1
4248	0.19090909090909092	125.66210647837144	1621.0	1	0	0.4703891708968513	2021	3448	205	223	1	1	1
3375	0.09090909090909091	59.49934679833861	808.0	0	0	1.4703891708968513	1289	50210	201	221	0	0	1
5096	0.3392857142857143	237.29419855908145	3142.0	1	0	1	636	2749	199	223	1	0	1
12138	0.27011494252873564	285.0368950035461	3706.0	1	0	1	2903	3412	202	223	1	1	1
5110	0.19166666666666668	147.46901005171097	2113.0	1	0	1	0	21778	212	222	1	0	1
12996	0.10762331838565023	148.8157289075896	2067.0	0	0	1	4423	6768	222	222	1	1	1
100	0.25	21.863629740667598	242.0	0	1	0	0	0	0	222	1	1	1
3710	0.20588235294117646	128.96055216049908	1666.0	1	0	1	16075	23735	212	222	1	1	1
2940	0.14285714285714285	99.62366180200523	1411.0	0	1	0	1596	50112	199	208	1	1	1
5341	0.20610687022900764	178.57785120193103	2864.0	0	1	0	24005	25869	196	228	1	1	1
992	0.012048192771084338	21.325691939887967	420.0	0	0	1.4703891708968513	0	19445	0	223	0	0	1
7038	0.47413793103448276	343.1619162047088	4603.0	1	1	0	26488	50058	223	228	1	1	1
3233	0.02702702702702703	20.096267330751743	355.0	0	0	1	3052	50112	196	196	1	0	1
1155	0.03571428571428571	26.122105999134913	424.0	0	0	0.4703891708968513	0	3699	208	226	0	0	1
4608	0.09316770186335403	96.44602291291014	1454.0	1	0	1	5477	9787	205	208	1	1	1
3895	0.10569105691056911	84.7662782806054	1262.0	0	1	0	1496	2973	208	228	1	1	1
3298	0.22429906542056074	148.6858763043776	1924.0	0	1	0	2790	23995	204	205	1	1	1
1541	0.08433734939759036	45.206636681755484	652.0	0	0	2	50028	50393	190	208	0	1	1
195	0.6470588235294118	56.53835425196175	492.0	0	1	0	20575	55170	190	194	1	1	1
6400	0.08695652173913043	103.398025110858	1615.0	0	1	0	20562	23618	207	223	1	0	1
4719	0.0738255033557047	69.8155454080036	1064.0	0	1	0	21056	25640	222	222	1	1	1
4797	0.2440944881889764	202.45921657878932	3178.0	1	1	0	8617	25678	228	228	1	0	1
22451	0.36363636363636365	468.8035000732177	5640.0	1	1	0	20823	23965	208	223	1	1	1
792	0.09859154929577464	46.50418328275049	835.0	0	0	1	0	50964	205	212	1	0	1
1353	0.2542372881355932	98.82149133447223	1557.0	0	0	2	2072	17636	199	228	0	1	1
5576	0.2605042016806723	194.21668209526536	2623.0	1	0	1	0	18123	205	223	0	1	1
2288	0.2808988764044944	156.43786309835616	2246.0	1	1	0	2702	50172	201	212	1	1	1
16320	0.10084033613445378	148.13561671361677	2086.0	0	1	0	20562	21221	190	207	1	1	1
5200	0.36283185840707965	243.1695065287993	2810.0	1	0	1	16420	52036	202	207	1	1	1
690	0.12962962962962962	44.43297758986564	756.0	0	1	0	0	1272	222	222	1	0	1
2048	0.11627906976744186	63.53819225543565	894.0	1	0	2	1346	10322	190	223	1	1	1
2714	0.20689655172413793	112.32714602623025	1445.0	0	0	1	0	3604	202	205	1	0	1
441	0.05454545454545454	17.768907972478402	296.0	0	0	1	5999	17636	200	222	0	1	1
8784	0.20588235294117646	215.70343925867277	2831.0	1	1	0	3052	3979	196	201	1	0	1
19012	0.13618677042801555	213.01076599348025	2583.0	0	1	0	1596	2395	196	199	1	0	1
7392	0.2198581560283688	192.8806021632527	2638.0	1	0	2	2702	11468	212	228	1	1	1
2310	0.3116883116883117	157.89778133579986	2513.0	1	0	0.5296108291031487	0	50964	0	212	1	0	1
3198	0.06140350877192982	48.56455806218215	896.0	0	1	0	1562	1933	199	199	1	0	1
3960	0.16546762589928057	136.24917890002058	1729.0	0	0	1	23308	25279	192	199	1	1	1
1472	0.11538461538461539	57.50512753358258	846.0	1	0	3	3749	16258	199	208	0	1	1
4896	0.10526315789473684	88.2763187082855	1236.0	0	1	0	3945	16207	208	208	1	1	1
5135	0.2413793103448276	175.02823040923855	2328.0	0	1	0	1764	2788	201	202	1	1	1
6834	0.1118421052631579	102.4865732487397	1514.0	0	1	0	1734	21221	190	190	1	0	1
2132	0.4090909090909091	170.83978764741624	2420.0	0	0	0.4703891708968513	0	2749	0	223	1	0	1
8772	0.24581005586592178	269.72347935241845	3414.0	1	0	2	2041	20674	208	228	1	1	1
3591	0.17647058823529413	112.69564807007248	1681.0	0	0	1	5789	52343	199	201	0	1	1
13888	0.17374517374517376	265.5188587190465	3146.0	0	0	3	4696	19445	190	223	0	0	1
3534	0.11214953271028037	71.93352342014815	942.0	0	0	3	17115	55106	0	204	0	0	1
19200	0.16666666666666666	259.396019894164	3957.0	0	1	0	2435	20562	201	207	1	0	1
4900	0.15702479338842976	122.74341481023356	1848.0	0	0	0.4703891708968513	23675	52700	208	228	1	0	1
10664	0.16666666666666666	200.77062937308892	3393.0	0	0	2	3387	50498	0	199	1	1	1
18360	0.3382352941176471	425.3155898371111	5563.0	1	0	1	2435	24944	201	208	0	1	1
4864	0.26126126126126126	188.56598124190268	2923.0	0	0	1	1912	50193	202	202	0	0	1
5236	0.14788732394366197	134.36597681976878	1892.0	0	1	0	1380	2422	205	205	1	0	1
5280	0.10919540229885058	116.17177778019011	1503.0	0	0	2	2042	20562	202	207	0	0	1
1088	0.13513513513513514	64.30960999903222	987.0	1	0	1	3841	23321	201	201	0	1	1
3296	0.27358490566037735	175.3327469743948	2033.0	1	0	5	1702	50547	190	204	0	1	1
7220	0.35714285714285715	284.3061312821145	4034.0	1	1	0	2973	51193	202	228	1	0	1
3906	0.22549019607843138	146.45411966879863	2110.0	1	0	1.5296108291031487	1800	18294	192	199	1	0	1
6758	0.25735294117647056	197.62972169775992	2028.0	1	0	1	23321	24005	212	228	1	0	1
14620	0.16289592760180996	230.35867573488778	3365.0	0	0	3	1887	2041	199	228	0	0	1
5940	0.21232876712328766	198.62078895639075	2823.0	0	1	0	16156	21566	202	228	1	0	1
11088	0.1631578947368421	198.14543342615693	2832.0	0	1	0	2535	3979	201	209	1	1	1
826	0.08955223880597014	37.50038123648559	551.0	1	0	3	2780	3523	208	223	0	0	1
18564	0.18025751072961374	257.50630278056303	3489.0	0	1	0	3412	7895	201	223	1	1	1
471	0.0	0.0	0.0	0	0	0.5296108291031487	0	20823	0	208	1	0	1
1680	0.31343283582089554	135.1984195650039	2003.0	1	1	0	4004	7110	199	223	1	1	1
4922	0.1953125	148.77970608107202	1843.0	0	0	1	1274	3735	198	205	1	0	1
9804	0.22699386503067484	242.14650887550562	3773.0	0	1	0	1451	2026	199	201	1	0	1
4410	0.12598425196850394	97.68144873210893	1305.0	1	0	2	0	1596	199	228	1	0	1
5254	0.09815950920245399	100.94871551718998	1330.0	0	1	0	18258	50063	0	190	1	1	1
4032	0.23076923076923078	143.17964707499243	1811.0	1	0	0.4703891708968513	3448	19608	199	205	1	0	1
15444	0.255	310.788832645816	4094.0	0	1	0	4007	23965	199	223	1	1	1
9480	0.17751479289940827	188.93274420315802	2585.0	1	0	3	2435	2788	201	201	0	1	1
6	0.0	0.0	0.0	0	1	0.0	0	0	196	228	1	1	1
7752	0.1592356687898089	159.41949435008834	2341.0	0	1	0	1451	25659	199	199	1	0	1
5192	0.13953488372093023	112.44498278132923	1497.0	0	1	0	2661	50168	199	202	1	0	1
1218	0.07446808510638298	47.40526846939685	833.0	0	1	0	0	5873	199	199	1	1	1
3420	0.14285714285714285	117.27738635697263	1854.0	1	1	0	1451	11067	199	199	1	0	1
5740	0.10144927536231885	84.99487674298331	1191.0	0	0	1	23735	50112	208	222	1	1	1
8280	0.07009345794392523	96.42047428059843	1363.0	0	1	0	2868	50578	208	220	1	0	1
385	0.0	0.0	0.0	0	0	0.5296108291031487	0	2414	0	201	1	0	1
2805	0.13978494623655913	83.38785087395269	1307.0	0	0	2	0	2868	0	208	0	0	1
10379	0.15254237288135594	166.20096061834258	2284.0	0	1	0	3735	4416	190	198	1	0	1
4526	0.2857142857142857	191.2090244990302	2777.0	1	0	2	1607	50156	194	208	1	0	1
3496	0.10909090909090909	76.16655287142757	1106.0	0	0	2	1274	1912	202	205	0	0	1
8800	0.09826589595375723	111.5749541764902	1712.0	0	1	0	6967	25096	201	208	1	1	1
11160	0.08921933085501858	156.92022489856137	2487.0	0	0	2	19445	24548	223	228	0	1	1
1364	0.10526315789473684	54.98863959784735	1012.0	0	0	2	1607	24491	208	208	0	0	1
2048	0.043478260869565216	28.95207179302665	608.0	0	0	1	2794	16761	205	228	1	0	1
6674	0.21935483870967742	204.70894312669068	2580.0	1	0	1	50063	50395	190	205	1	1	1
11286	0.26785714285714285	288.5656218031275	4099.0	0	1	0	1451	3310	199	199	1	1	1
3445	0.11320754716981132	74.23793840284544	988.0	0	0	1	1764	1912	202	222	1	1	1
12825	0.3068181818181818	337.8899520786741	4597.0	0	0	4	2973	9262	228	228	1	1	1
7821	0.2361111111111111	214.03016724955728	2925.0	1	1	0	2788	3310	199	201	1	1	1
6072	0.09045226130653267	109.01115628469634	1356.0	1	0	1	2042	2868	202	220	1	1	1
5159	0.08270676691729323	71.11547202029234	1152.0	0	0	1	2535	50276	209	223	0	1	1
1400	0.13636363636363635	55.665255221799114	719.0	0	0	1	3686	50747	200	202	0	1	1
5986	0.27049180327868855	210.9126918616696	3046.0	1	0	2	50112	50156	194	208	1	0	1
7990	0.20945945945945946	200.8051583821294	3003.0	0	0	1	1887	3203	199	223	0	0	1
1178	0.078125	29.561673393407606	356.0	0	0	1.5296108291031487	23342	51424	0	205	1	0	1
5016	0.12056737588652482	106.74115727233544	1487.0	0	1	0	1320	1451	0	199	1	0	1
11220	0.36477987421383645	360.14706358932386	4771.0	0	0	2	17528	21566	202	202	0	1	1
2448	0.049689440993788817	52.49524836728121	803.0	0	1	0	1274	24944	202	208	1	0	1
4408	0.22935779816513763	163.18790924469067	2529.0	0	0	2	1912	19939	199	202	0	0	1
2482	0.3717948717948718	174.56369175344605	2130.0	1	0	0.5296108291031487	5641	21778	0	212	1	0	1
6636	0.2734375	226.4796451440678	3472.0	1	0	2	1267	24869	208	212	1	0	1
6020	0.2	160.24561463213476	2032.0	1	0	3	22564	23735	222	228	1	0	1
2508	0.055944055944055944	50.75101391388945	821.0	0	1	0	23308	24194	192	213	1	0	1
2856	0.30952380952380953	157.79806010136554	1974.0	0	1	0	970	25659	199	228	1	1	1
3239	0.09090909090909091	66.69842616850691	1062.0	0	1	0	17763	24869	212	223	1	0	1
10710	0.0825242718446602	104.23201818493185	1379.0	0	1	0	24944	52700	208	208	1	0	1
5916	0.08843537414965986	84.73744930475357	1331.0	0	0	1	2903	19939	199	202	1	1	1
3618	0.23469387755102042	144.95932221736035	2091.0	1	0	1	3172	9321	192	199	0	0	1
3355	0.08411214953271028	57.27199256249776	839.0	0	0	1	842	25541	190	201	1	0	1
6336	0.3697478991596639	277.4480598771126	3754.0	1	0	1	2248	3310	199	212	1	1	1
3762	0.28125	176.15944816771912	2615.0	1	0	3	0	3300	196	199	1	0	1
4033	0.15873015873015872	124.65868971992116	1689.0	1	1	0.0	1803	50547	202	209	1	1	1
3976	0.1038961038961039	101.32643604457476	1392.0	0	1	0	4004	50063	190	223	1	0	1
410	0.13333333333333333	33.93638033513231	369.0	1	0	0.4703891708968513	17763	24118	206	223	1	1	1
11352	0.2111111111111111	241.2331967230294	3478.0	0	0	2	23308	50498	0	192	0	0	1
7839	0.2777777777777778	244.99243484558687	3120.0	1	0	1	2929	50393	201	208	0	0	1
4071	0.2549019607843137	160.9292386974033	2199.0	0	0	1	23330	50211	208	208	0	1	1
8330	0.2684563758389262	252.10363369088583	3508.0	0	1	0	0	2422	205	222	1	1	1
1120	0.13432835820895522	52.2075569479266	685.0	0	0	3	0	50343	204	223	0	0	1
5643	0.07368421052631578	85.70780071410957	1157.0	1	1	0	4423	23675	202	222	1	0	1
3150	0.11650485436893204	76.94362495847882	1112.0	1	1	0	23735	50112	222	223	0	1	1
240	0.25925925925925924	32.64999013525062	214.0	0	1	0	0	54927	0	222	1	1	1
4424	0.1440677966101695	112.5094300865393	1777.0	0	0	0.5296108291031487	9434	50343	204	212	1	0	1
3003	0.22105263157894736	122.15216548070059	1624.0	1	0	1	0	51630	207	208	0	1	1
5640	0.15172413793103448	136.77320208356778	1793.0	1	0	1	1486	52730	199	207	1	0	1
3584	0.14285714285714285	95.88732826512359	1337.0	1	1	0	1278	2248	202	212	1	1	1
1750	0.09195402298850575	45.91533783871172	466.0	0	0	1	52700	54229	208	208	0	1	1
8	0.0	0.0	0.0	0	0	2.5296108291031487	0	21548	0	223	0	0	1
24424	0.12949640287769784	223.65316694290615	3011.0	0	1	0	2041	50063	190	228	1	1	1
2574	0.05	30.274859521038994	372.0	0	0	1	2026	24206	208	208	1	1	1
5724	0.21052631578947367	170.98638233945132	2122.0	0	0	2	2072	16075	194	212	1	0	1
3540	0.43373493975903615	225.3017264602697	3058.0	1	1	0	7110	20481	199	202	1	1	1
5610	0.256	196.76629246700577	2697.0	0	0	3	2868	2903	202	208	0	0	1
3288	0.09523809523809523	83.21090763037279	987.0	1	1	0	21841	54563	199	228	1	1	1
4860	0.34285714285714286	226.4321642640994	3093.0	1	1	0	0	1277	0	221	1	1	1
3080	0.05343511450381679	45.89438294502374	707.0	0	1	0	25096	25459	0	208	1	1	1
9440	0.19672131147540983	226.84668814123057	3082.0	0	0	1	20577	26459	209	222	1	0	1
11088	0.11616161616161616	145.59724077938245	2009.0	0	0	0.4703891708968513	0	5477	205	205	1	1	1
3996	0.058394160583941604	55.54715778419886	1009.0	0	0	2	1594	50831	208	222	1	1	1
702	0.2619047619047619	70.28379378550477	1106.0	1	1	0	50096	50172	201	228	1	0	1
5300	0.1953125	156.24923975400762	2058.0	1	0	2	1320	2973	199	199	0	1	1
3195	0.23404255319148937	141.23977853444666	2043.0	0	1	0	1885	5282	205	205	1	0	1
2542	0.13186813186813187	79.23589845585836	1214.0	1	0	2	1800	17763	199	223	1	0	1
5456	0.3274336283185841	227.8119356667736	3158.0	1	1	0	1607	2702	208	212	1	1	1
1320	0.26153846153846155	103.88257396468249	1246.0	1	0	2	5477	7110	199	222	1	0	1
16878	0.20085470085470086	282.5289361926422	3354.0	1	1	0	2395	5873	196	199	1	1	1
7154	0.4491525423728814	326.16180785758536	4202.0	1	1	0	636	21778	199	212	1	0	1
5940	0.2553191489361702	217.9053014930726	2835.0	1	0	1	0	10687	190	223	0	1	1
3774	0.21929824561403508	160.60443405862844	2285.0	1	0	3	2871	50058	223	228	0	1	1
1350	0.19047619047619047	77.76487403865522	1340.0	1	1	0	0	1702	190	223	0	1	1
8892	0.30405405405405406	277.9778002198633	3826.0	0	0	1	3716	25678	222	228	1	0	1
6200	0.1095890410958904	100.27551254500251	1424.0	0	1	0	0	3118	202	202	1	0	1
17820	0.1078838174273859	169.14457745141434	2712.0	0	1	0	9262	23308	192	228	0	1	1
17112	0.24761904761904763	328.0663017882226	4624.0	0	1	0	2795	3387	199	222	1	0	1
1624	0.14864864864864866	66.92677759225798	906.0	1	1	0	9262	19608	199	205	1	1	1
3540	0.33707865168539325	191.52566129578258	2734.0	1	1	0	3604	7110	199	202	1	1	1
3290	0.07339449541284404	46.06674558882643	488.0	0	1	0	24382	52700	208	228	1	1	1
3306	0.036036036036036036	25.53506269953029	355.0	0	0	1	1887	2247	201	201	1	1	0
3300	0.05309734513274336	40.78904422176719	754.0	0	0	2	50178	50210	199	201	0	0	0
51	0.0	0.0	0.0	0	0	1.5296108291031487	0	16207	0	208	1	0	0
4536	0.08	64.22222264338511	920.0	0	1	0.0	3448	18294	192	205	1	0	0
592	0.0	0.0	0.0	0	0	1	21128	52002	208	228	0	1	0
14	0.0	0.0	0.0	0	0	2.4703891708968513	0	7177	0	208	0	0	0
486	0.016129032258064516	7.417852514885898	171.0	0	1	0	0	3172	199	223	1	0	0
52	0.0	0.0	0.0	0	0	4	4151	51548	196	208	0	0	0
1368	0.0	0.0	0.0	0	0	0.5296108291031487	3448	23675	199	205	1	0	0
9	0.0	0.0	0.0	0	1	0.0	0	52730	0	0	0	0	0
56	0.0	0.0	0.0	0	0	1	1320	10490	199	201	0	1	0
63	0.0	0.0	0.0	0	0	1.4703891708968513	0	50864	196	228	0	1	0
1794	0.13333333333333333	60.2708004514794	748.0	0	1	0	1274	18294	205	205	1	1	0
2013	0.13253012048192772	75.92163118147427	1352.0	0	0	1	0	23675	202	228	1	0	0
172	0.011494252873563218	7.599912842187128	194.0	0	0	1.5296108291031487	0	2026	201	228	0	1	0
2170	0.18823529411764706	106.0886443539089	1725.0	0	0	1.5296108291031487	0	23342	0	222	1	0	0
948	0.011111111111111112	6.266786540694901	77.0	0	0	0.4703891708968513	0	15943	211	223	0	1	0
3080	0.017391304347826087	15.031011907437705	383.0	0	0	3	0	51630	194	208	1	0	0
810	0.03278688524590164	15.239598529249124	404.0	0	0	1	16077	21237	208	223	1	0	0
880	0.0	0.0	0.0	0	0	1	15903	50747	202	228	0	1	0
846	0.04838709677419355	21.549506436293612	452.0	1	0	2	7851	10663	190	201	0	1	0
48	0.14285714285714285	14.709083812550343	356.0	0	0	1.5296108291031487	0	0	0	205	1	0	0
3045	0.018691588785046728	24.1689670840948	306.0	0	0	1	1320	6895	199	208	0	1	0
5082	0.05844155844155844	63.21090806972842	1259.0	0	0	1	1490	4702	208	222	0	1	0
44	0.022727272727272728	6.459431618637297	88.0	0	0	0.4703891708968513	3338	11172	202	208	0	1	0
6104	0.050955414012738856	54.092402239700064	1004.0	0	1	0	4696	24005	190	228	1	0	0
1040	0.2222222222222222	77.7516782285142	1200.0	1	0	2	0	50172	194	201	1	1	0
2781	0.015625	11.977279923499918	132.0	0	0	1	1702	15996	190	228	1	1	0
637	0.0	0.0	0.0	0	0	3	11601	55170	190	222	1	1	0
50	0.0	0.0	0.0	0	0	1	2397	25111	208	223	0	1	0
1722	0.012195121951219513	6.954196310386875	124.0	0	1	0	4702	15903	205	222	1	1	0
5320	0.07352941176470588	59.368886016227236	741.0	0	0	3	23232	23735	222	223	1	0	0
252	0.0	0.0	0.0	0	0	3	0	23675	200	228	0	1	0
7680	0.08333333333333333	104.64765540049443	1622.0	0	0	1	20562	50028	207	222	0	1	0
64	0.0	0.0	0.0	0	0	0.4703891708968513	3338	50193	202	208	0	1	0
96	0.0	0.0	0.0	0	0	2	20454	50547	201	204	1	0	0
744	0.0	0.0	0.0	0	0	3	1454	22430	199	208	1	1	0
8200	0.22972972972972974	220.66804415399682	3268.0	1	0	2	1562	8828	199	199	1	1	0
384	0.0	0.0	0.0	0	1	0	0	2422	201	223	1	1	0
1219	0.0410958904109589	20.857300684879778	377.0	0	0	1	1734	50508	192	223	1	0	0
4928	0.11904761904761904	99.79669321274517	1716.0	0	0	1	1268	16761	205	208	1	1	0
588	0.0	0.0	0.0	0	0	4	3052	25869	196	223	0	1	0
3944	0.10526315789473684	74.91188591342114	1004.0	0	0	2	0	2247	201	205	1	1	0
70	0.027777777777777776	6.321928094887363	80.0	0	0	1	0	4481	199	212	1	0	0
2800	0.09278350515463918	57.61577024505817	789.0	0	1	0	50568	50666	194	228	1	1	0
30	0.0	0.0	0.0	0	0	0.4703891708968513	0	3029	0	208	0	0	0
23	0.0	0.0	0.0	0	0	2.4703891708968513	0	2291	196	208	0	0	0
748	0.0	0.0	0.0	0	0	2	50112	52486	199	202	1	0	0
2716	0.009708737864077669	11.659103963473662	115.0	0	0	1.5296108291031487	2395	9077	196	212	0	0	0
2538	0.03418803418803419	28.46113692842897	579.0	0	0	2	3203	50486	204	223	1	1	0
792	0.07547169811320754	26.273850223648665	422.0	0	0	1	23620	51427	223	228	0	0	0
2520	0.045871559633027525	35.7880838506906	731.0	0	0	1	11067	19253	199	205	1	1	0
1	0.0	0.0	0.0	0	0	1.5296108291031487	0	50505	0	0	0	0	0
2100	0.010101010101010102	6.569855608330948	95.0	0	1	0	15903	23735	222	223	0	1	0
44	0.07142857142857142	7.6653359171851765	203.0	1	1	0	0	1490	201	228	1	0	0
1620	0.020202020202020204	11.851749041416056	125.0	0	1	0	1634	10608	208	223	1	1	0
360	0.02631578947368421	7.098032082960526	137.0	0	0	0.4703891708968513	20960	54563	0	228	0	0	0
60	0.0	0.0	0.0	0	0	0.4703891708968513	0	53091	198	223	0	1	0
1904	0.06666666666666667	38.87652195527657	598.0	0	0	2	3202	25659	196	199	1	1	0
18	0.0	0.0	0.0	0	0	1.5296108291031487	25111	50020	199	208	1	1	0
300	0.0	0.0	0.0	0	1	0.0	10608	20960	0	0	0	0	0
110	0.0	0.0	0.0	0	0	6	2701	25096	208	209	0	1	0
320	0.0	0.0	0.0	0	0	1	0	631	205	222	1	1	0
10350	0.0979381443298969	125.80663023408967	2024.0	0	0	1	2749	17247	202	208	1	0	0
12	0.0	0.0	0.0	0	0	0.4703891708968513	0	0	0	228	1	0	0
3713	0.008	6.066089190457772	67.0	0	0	1.5296108291031487	4686	15943	204	211	0	1	0
32	0.0	0.0	0.0	0	0	3	0	1333	209	223	0	1	0
400	0.0	0.0	0.0	0	0	2.4703891708968513	0	10608	0	223	0	0	0
189	0.0	0.0	0.0	0	0	3	10490	25496	201	223	0	1	0
46	0.041666666666666664	5.491853096329675	45.0	0	0	5	1734	20557	192	208	0	0	0
2904	0.02666666666666667	26.27433947530862	399.0	0	0	3	1942	10687	208	223	0	1	0
408	0.009523809523809525	7.285402218862249	156.0	0	0	1.5296108291031487	0	2903	0	202	0	0	0
3024	0.088	69.97142050183798	1082.0	0	0	1	1912	50831	199	222	1	1	0
24	0.0	0.0	0.0	0	1	0.0	22536	51059	208	211	1	0	0
4284	0.048	39.382549679844374	612.0	0	0	2	2903	23321	196	201	1	1	0
16	0.0	0.0	0.0	0	0	0.4703891708968513	0	1320	199	228	0	1	0
196	0.0	0.0	0.0	0	0	1	0	7229	205	208	0	1	0
140	0.0	0.0	0.0	0	0	0.4703891708968513	1634	17636	0	223	0	0	0
1890	0.07894736842105263	54.739099473813916	785.0	1	0	1	10663	15907	190	228	1	1	0
8200	0.06432748538011696	75.39976535637604	1424.0	0	0	1	3118	18123	202	223	0	1	0
87	0.0	0.0	0.0	0	0	1.5296108291031487	0	5873	0	199	1	0	0
420	0.013333333333333334	4.906890595608519	30.0	0	0	5.470389170896851	2072	23675	208	228	0	0	0
2009	0.0	0.0	0.0	0	0	1	0	9414	199	223	1	0	0
3024	0.043478260869565216	34.968650958346394	676.0	0	0	1	1326	19253	202	205	1	0	0
3440	0.0423728813559322	34.14807892167268	592.0	0	0	1	6170	15814	205	209	1	1	0
468	0.047619047619047616	13.372048825272774	233.0	1	0	3	0	4573	209	223	0	0	0
533	0.038461538461538464	14.12670447284319	276.0	0	0	2	0	3218	228	228	1	1	0
2700	0.012048192771084338	14.861086905995393	368.0	0	0	4	1272	50484	205	212	0	0	0
67	0.014925373134328358	7.417852514885898	171.0	0	0	1.4703891708968513	0	1734	0	190	0	0	0
3015	0.037037037037037035	27.247032129312885	476.0	0	0	2	1734	51424	190	199	0	0	0
40	0.0	0.0	0.0	0	1	0	7240	50505	0	205	1	1	0
115	0.0	0.0	0.0	0	0	6	768	2701	199	209	0	0	0
2450	0.039603960396039604	28.02643791761302	520.0	0	0	1.4703891708968513	0	23735	0	222	1	0	0
672	0.0	0.0	0.0	0	0	2	0	50979	208	228	1	0	0
115	0.037037037037037035	6.426264754702098	86.0	0	0	2	1734	2028	192	192	0	0	0
32	0.0	0.0	0.0	0	0	1	0	3841	201	209	0	0	0
147	0.0196078431372549	7.417852514885898	171.0	0	0	1	25869	50154	196	208	1	1	0
5456	0.037037037037037035	38.756673561464886	602.0	0	0	2	3387	11172	199	202	1	0	0
910	0.0	0.0	0.0	0	0	1	4573	17836	202	209	1	1	0
1164	0.0380952380952381	27.63890147034767	493.0	0	0	1	2790	50523	204	228	0	1	0
5280	0.07246376811594203	68.01299710866887	1162.0	0	0	3	5203	5449	202	208	0	0	0
686	0.0	0.0	0.0	0	0	0.5296108291031487	0	636	199	217	1	0	0
319	0.0	0.0	0.0	0	0	4	2597	18003	220	228	0	1	0
9405	0.0374331550802139	45.177257763642004	695.0	0	0	1	3310	6399	0	199	1	1	0
840	0.03333333333333333	13.972441366563537	265.0	0	0	1	1277	1634	199	223	1	0	0
1088	0.024390243902439025	12.829722735086058	174.0	0	0	2	1333	50034	209	223	1	1	0
65	0.0	0.0	0.0	0	1	0.0	50583	53091	0	198	0	0	0
714	0.0	0.0	0.0	0	0	3	2849	50034	0	205	1	0	0
53	0.0	0.0	0.0	0	0	1.4703891708968513	0	3029	207	217	0	1	0
205	0.0	0.0	0.0	0	1	0.0	0	0	0	0	0	0	0
590	0.045454545454545456	20.156023805719702	323.0	0	0	1.5296108291031487	0	2152	0	199	0	0	0
3510	0.08053691275167785	80.6076025264939	1336.0	1	0	2	9262	23675	205	228	1	0	0
4725	0.12195121951219512	94.14201863810246	1247.0	1	0	1	2903	17247	196	202	1	0	0
5265	0.028169014084507043	24.275055986394065	285.0	0	0	1	9128	10608	194	208	1	1	0
232	0.0	0.0	0.0	1	0	1	1320	2077	199	208	1	1	0
1320	0.0070921985815602835	7.294620748891627	157.0	0	0	0.5296108291031487	21566	24118	202	206	1	0	0
972	0.043478260869565216	20.28860251823201	348.0	0	0	3	0	24657	199	223	0	0	0
77	0.0	0.0	0.0	0	0	0.4703891708968513	0	1565	205	221	1	0	0
728	0.014705882352941176	7.257387842692652	153.0	0	0	2	0	19608	199	228	1	0	0
418	0.0	0.0	0.0	0	0	3	18003	24280	220	228	1	0	0
840	0.03333333333333333	13.183015000882754	212.0	0	0	2	0	970	192	228	1	0	0
729	0.0	0.0	0.0	0	0	0.4703891708968513	10608	50020	199	208	0	1	0
1320	0.075	40.79696831027931	699.0	0	1	0	1634	5868	192	223	1	1	0
42	0.023809523809523808	6.339850002884624	81.0	0	0	0.5296108291031487	0	2753	0	202	1	0	0
4686	0.022388059701492536	18.017373905424744	200.0	0	0	2	5868	23675	192	196	1	0	0
2204	0.08247422680412371	55.68640961677344	1132.0	0	1	0	1912	16535	202	228	1	1	0
546	0.019230769230769232	5.954196310386875	62.0	0	0	1.5296108291031487	9077	15936	199	212	0	0	0
3723	0.09734513274336283	69.82398084832104	956.0	0	1	0	16207	50156	194	208	1	1	0
1848	0.010752688172043012	7.044394119358453	132.0	0	0	1	0	51977	199	222	0	1	0
3	0.0	0.0	0.0	0	0	1.4703891708968513	0	20454	201	217	0	0	0
30	0.0	0.0	0.0	0	0	1.4703891708968513	3338	15903	208	223	0	0	0
2160	0.009433962264150943	7.954196310386875	248.0	0	0	2	6967	50096	201	228	1	1	0
156	0.0	0.0	0.0	0	0	5	664	3052	223	228	0	1	0
117	0.0	0.0	0.0	0	0	0.4703891708968513	0	2929	0	201	1	0	0
207	0.0	0.0	0.0	0	0	3	4469	50491	196	202	0	0	0
3120	0.22826086956521738	134.17781886908338	1902.0	1	0	2	25658	50979	205	228	1	0	0
1150	0.0	0.0	0.0	0	0	2	50491	52036	196	207	1	0	0
7921	1.0	529.0738418515114	6352.0	1	1	0	13221	13221	205	205	1	1	0
16	0.0	0.0	0.0	0	0	1.4703891708968513	0	21128	0	228	1	0	0
572	0.0	0.0	0.0	0	0	1.5296108291031487	1380	16090	194	205	1	1	0
7000	0.1724137931034483	146.7542867484169	1739.0	0	0	1	3118	23735	202	222	1	1	0
954	0.0	0.0	0.0	0	0	2.5296108291031487	1912	16329	222	228	0	0	0
276	0.0	0.0	0.0	0	0	5	3052	25393	199	223	0	0	0
384	0.023255813953488372	6.894817763307944	119.0	0	0	2	0	20807	223	228	0	1	0
38	0.0	0.0	0.0	0	0	29	11729	57026	209	212	1	1	0
432	0.043478260869565216	14.040289721025717	264.0	0	0	0.5296108291031487	0	1725	0	201	1	0	0
2268	0.12121212121212122	80.49491904216968	1302.0	0	1	0	11468	50486	204	228	1	0	0
1457	0.04	18.40842926099927	231.0	0	0	1	1486	51480	199	205	1	1	0
74	0.0	0.0	0.0	0	0	2	1594	16532	197	208	0	0	0
60	0.0	0.0	0.0	0	0	1.5296108291031487	0	6000	221	228	0	0	0
1975	0.0196078431372549	13.81257844413538	241.0	0	0	1	2397	50775	223	223	1	1	0
30	0.0	0.0	0.0	0	0	2.4703891708968513	0	51545	0	205	0	0	0
276	0.0	0.0	0.0	0	0	1	0	1454	228	228	0	1	0
1274	0.0	0.0	0.0	0	0	1	0	636	199	228	1	0	0
1495	0.023255813953488372	9.430452551665532	61.0	0	0	3	9887	25393	199	199	0	0	0
405	0.0	0.0	0.0	0	0	1	0	24548	223	228	1	1	0
44	0.07142857142857142	7.247927513443585	152.0	0	0	2.4703891708968513	0	50168	0	222	0	0	0
693	0.0	0.0	0.0	0	0	1	806	5211	194	212	1	1	0
686	0.009615384615384616	6.044394119358453	66.0	0	0	1.5296108291031487	0	1596	199	217	1	0	0
3488	0.021739130434782608	21.949256777419592	509.0	0	0	1.5296108291031487	1803	10322	190	209	1	0	0
450	0.0	0.0	0.0	0	0	7	2072	50416	205	208	0	1	0
2553	0.009523809523809525	6.894817763307944	119.0	0	0	4	18258	50211	0	208	0	1	0
231	0.0	0.0	0.0	0	0	0.5296108291031487	2042	17636	0	202	0	0	0
1938	0.0963855421686747	53.40575048790789	900.0	1	1	0	1608	1887	201	204	1	0	0
99	0.0	0.0	0.0	0	0	1	0	0	199	223	0	1	0
1280	0.043478260869565216	26.672733501967976	451.0	0	0	2	0	1790	202	222	0	0	0
715	0.046153846153846156	21.56837181200465	445.0	0	1	0	2868	3218	208	228	0	0	0
456	0.0	0.0	0.0	0	0	2	23675	54927	199	222	1	1	0
100	0.0	0.0	0.0	0	0	1.4703891708968513	19576	51174	0	223	0	1	0
1073	0.015384615384615385	5.491853096329675	45.0	0	0	1	1594	2077	208	208	1	1	0
90	0.0	0.0	0.0	0	0	2.5296108291031487	0	52730	0	0	1	0	0
123	0.0	0.0	0.0	0	0	3	2094	20454	190	201	0	0	0
462	0.0	0.0	0.0	0	0	2.4703891708968513	0	26823	205	223	0	1	0
1280	0.06329113924050633	30.13590182044623	397.0	0	0	1	16420	16761	190	205	1	1	0
567	0.060240963855421686	34.561694469439665	714.0	0	0	1	10608	16615	208	228	0	1	0
5566	0.04375	49.312733576836855	971.0	0	0	1	1490	51297	197	208	0	0	0
7	0.0	0.0	0.0	0	1	0.0	0	0	0	217	0	0	0
520	0.03333333333333333	11.815383295813538	121.0	0	0	1	0	50142	0	228	1	1	0
5593	0.018404907975460124	18.59898297103609	261.0	0	0	1	3412	7851	201	223	1	1	0
290	0.016129032258064516	7.954196310386875	248.0	0	0	2	2460	50460	207	223	0	1	0
1400	0.041666666666666664	21.211584153079528	465.0	0	0	1.4703891708968513	0	23618	0	223	0	0	0
33	0.0	0.0	0.0	0	0	0.5296108291031487	0	2599	0	223	1	0	0
4187	0.1891891891891892	126.92154713080433	1507.0	1	0	1	2973	50775	199	223	1	1	0
146	0.0	0.0	0.0	0	1	0	16532	50156	194	197	0	0	0
186	0.0	0.0	0.0	0	0	0.5296108291031487	0	1454	0	208	0	0	0
1120	0.0	0.0	0.0	1	0	3	16420	19608	190	199	1	1	0
1280	0.014084507042253521	6.768184324776926	109.0	0	0	4	3899	20807	204	223	0	1	0
915	0.0410958904109589	20.107707482385823	354.0	0	0	2	0	25495	190	228	1	1	0
78	0.0	0.0	0.0	0	0	1.4703891708968513	26673	51174	0	208	0	1	0
366	0.0	0.0	0.0	0	0	0.5296108291031487	1974	5477	198	208	0	0	0
2806	0.038834951456310676	23.48446841811727	246.0	0	0	1	1274	26753	205	208	1	1	0
459	0.01694915254237288	5.857980995127572	58.0	0	0	0.4703891708968513	2849	50020	199	205	0	1	0
546	0.021739130434782608	5.20945336562895	37.0	0	0	1	0	20327	208	222	1	1	0
3960	0.061068702290076333	50.05309476592775	631.0	0	0	4	3310	4035	199	212	0	1	0
11152	0.05314009661835749	74.57036438004334	1301.0	0	0	2	16156	52591	201	202	1	0	0
2135	0.03225806451612903	18.91104082189939	288.0	0	0	2	26753	50750	208	224	1	1	0
4500	0.050724637681159424	49.300895686879485	982.0	0	0	1	8828	24548	199	228	1	0	0
2277	0.04081632653061224	27.702207357312002	508.0	0	0	1	17636	26488	223	228	1	1	0
1302	0.04285714285714286	19.240157778409475	316.0	0	0	1	1277	51480	199	205	1	1	0
370	0.01282051282051282	7.6653359171851765	203.0	0	0	2	0	11227	199	202	0	1	0
2976	0.009174311926605505	7.294620748891627	157.0	0	0	1	23322	50350	205	208	1	1	0
12	0.0	0.0	0.0	0	0	24	23675	25804	194	228	1	0	0
8000	0.058823529411764705	60.735504507183954	795.0	0	0	2	2788	6170	205	209	1	0	0
186	0.0	0.0	0.0	1	0	2	0	5347	202	228	1	1	0
960	0.0	0.0	0.0	0	0	3	3749	50578	199	208	0	1	0
126	0.0	0.0	0.0	0	0	2	1596	7229	205	208	0	1	0
488	0.0	0.0	0.0	0	0	3	22430	23330	199	207	1	0	0
4350	0.07258064516129033	57.78989685462223	793.0	0	0	3	2247	50210	201	201	0	1	0
2301	0.3424657534246575	155.9205054130913	2097.0	1	1	0	1320	20481	0	202	1	0	0
4558	0.022058823529411766	20.28945833616658	332.0	0	0	1	2973	22564	199	228	1	1	0
4214	0.0546875	46.580524071337095	746.0	0	0	2	2026	9414	201	223	1	0	0
1568	0.05	28.095754672187965	574.0	0	0	2	3202	16528	196	205	1	1	0
40	0.0	0.0	0.0	0	0	1.4703891708968513	0	1320	0	208	1	0	0
22	0.0	0.0	0.0	0	0	1	2790	23645	205	206	1	1	0
667	0.0196078431372549	7.044394119358453	132.0	0	0	1	0	9262	201	205	1	1	0
630	0.0	0.0	0.0	0	0	2.4703891708968513	0	50076	0	202	0	0	0
2208	0.07446808510638298	46.96700894756677	822.0	0	0	2	2422	50211	201	208	0	1	0
1599	0.08108108108108109	42.39150451623579	827.0	1	0	2	1933	3523	199	223	1	0	0
10	0.0	0.0	0.0	0	1	0.0	0	24118	0	206	0	0	0
40	0.0	0.0	0.0	0	0	1.5296108291031487	631	6000	205	228	0	0	0
1863	0.02127659574468085	13.632086412835182	253.0	0	0	4	25496	50211	208	223	0	1	0
252	0.0	0.0	0.0	0	0	4.470389170896851	18294	51325	192	223	0	0	0
1113	0.05714285714285714	25.09530300841589	355.0	0	0	1	0	50112	196	200	1	1	0
897	0.012345679012345678	7.139551352398794	141.0	0	0	2	3029	50211	208	228	0	1	0
1836	0.060240963855421686	36.01687212304694	778.0	0	0	1	5208	10687	202	222	1	1	0
280	0.0	0.0	0.0	0	0	1	0	25459	0	222	1	1	0
1728	0.08860759493670886	45.85142462556203	689.0	1	0	1	9787	52747	199	208	1	0	0
741	0.017543859649122806	6.321928094887363	80.0	0	1	0	18294	23675	199	205	1	1	0
4472	0.06521739130434782	56.41036673325547	872.0	0	0	2	3389	16420	202	228	0	0	0
66	0.0	0.0	0.0	0	0	3	0	5347	223	228	0	1	0
1800	0.26865671641791045	112.80201296822855	1490.0	1	0	3	21237	50747	202	223	0	1	0
1710	0.09210526315789473	44.39839679562563	762.0	1	0	2	9262	25551	0	229	1	1	0
800	0.0	0.0	0.0	0	0	4	50029	51548	199	228	0	1	0
56	0.0	0.0	0.0	0	1	0	0	3749	201	209	1	1	0
2750	0.019417475728155338	14.849014073694818	367.0	0	0	2	2398	2868	208	223	0	0	0
3795	0.06896551724137931	51.26815006177141	783.0	0	0	1	2868	50211	208	208	0	0	0
576	0.0	0.0	0.0	0	0	2	2248	21800	202	212	1	0	0
6732	0.018292682926829267	20.059724689983632	316.0	0	0	2	1560	23321	201	209	1	1	0
2128	0.03296703296703297	19.61662063215215	289.0	0	0	1	1822	11729	209	223	0	0	0
12	0.0	0.0	0.0	0	0	0.5296108291031487	0	0	0	195	1	0	0
682	0.0	0.0	0.0	0	0	4	2973	50112	0	199	0	0	0
910	0.01282051282051282	5.954196310386875	62.0	0	0	0.5296108291031487	9077	9128	194	212	0	1	0
2030	0.13414634146341464	73.99645942667011	1286.0	0	0	0.5296108291031487	0	19939	0	199	1	0	0
1530	0.0	0.0	0.0	1	0	2	3029	16207	208	208	1	1	0
760	0.03571428571428571	14.366322214245816	292.0	0	0	1	0	11729	209	223	1	0	0
363	0.0	0.0	0.0	0	0	1	0	23620	223	223	1	1	0
448	0.0	0.0	0.0	0	0	4	1333	1912	199	223	0	1	0
108	0.0	0.0	0.0	0	0	1.5296108291031487	16329	21408	212	228	0	1	0
1989	0.0	0.0	0.0	0	0	1	18003	20674	199	208	0	0	0
1914	0.05813953488372093	34.88012985808407	727.0	0	0	1	19939	25695	199	202	1	0	0
114	0.0	0.0	0.0	0	0	1	0	51424	199	205	1	0	0
880	0.0	0.0	0.0	0	0	2	0	5477	194	222	1	0	0
1105	0.025	14.022367813028454	264.0	0	0	1	0	2291	199	228	0	0	0
1326	0.008771929824561403	5.491853096329675	45.0	0	1	0	9130	50058	228	228	1	1	0
96	0.029411764705882353	6.599912842187128	97.0	0	0	2.4703891708968513	0	20807	0	223	0	0	0
2720	0.06930693069306931	47.69047846866063	869.0	0	0	2	0	10573	194	228	1	0	0
10	0.0	0.0	0.0	0	1	0.0	0	24118	0	206	1	0	0
306	0.06060606060606061	13.386940245324311	207.0	0	0	2.4703891708968513	0	16329	199	228	1	0	0
4030	0.049586776859504134	39.044033550297826	558.0	0	0	1	9887	50350	199	205	1	0	0
477	0.03333333333333333	13.061708704660623	221.0	0	0	2	3029	19968	199	207	0	0	0
228	0.0	0.0	0.0	0	0	1.5296108291031487	1451	25551	196	199	0	0	0
6853	0.09210526315789473	90.8713692485705	1437.0	0	1	0	2535	50666	196	209	1	1	0
1440	0.012987012987012988	6.303780748177103	79.0	0	0	3	1702	50979	223	228	1	0	0
14	0.0	0.0	0.0	0	0	1.5296108291031487	0	9773	0	201	1	0	0
3280	0.06086956521739131	44.919938434051105	718.0	0	0	1	1320	52591	202	208	0	0	0
682	0.0392156862745098	14.380461065088973	296.0	1	0	1	23675	50112	199	199	1	1	0
1760	0.030303030303030304	18.898270716153288	290.0	0	0	1	6170	23645	205	209	1	0	0
54	0.0	0.0	0.0	0	0	2	0	50486	204	209	1	1	0
2790	0.028846153846153848	19.187777333348272	263.0	0	0	1	1607	16156	208	228	1	0	0
189	0.030303030303030304	5.754887502163468	54.0	0	0	2	7177	50096	208	228	0	1	0
639	0.0	0.0	0.0	0	0	1.5296108291031487	1885	1942	205	212	0	1	0
90	0.0	0.0	0.0	0	0	1.5296108291031487	24568	51174	0	208	0	1	0
574	0.018518518518518517	7.22881869049588	150.0	0	0	1	1496	7721	208	222	1	1	0
946	0.0	0.0	0.0	0	0	1.5296108291031487	0	3208	0	201	1	0	0
1550	0.0	0.0	0.0	0	0	1	23321	50864	192	212	1	0	0
3040	0.02654867256637168	21.025182828635508	395.0	0	0	3	6768	50747	202	222	0	1	0
12	0.0	0.0	0.0	0	1	0.0	0	0	0	0	1	0	0
2385	0.031578947368421054	17.421604649747003	205.0	0	0	2	3029	51424	199	207	0	1	0
532	0.0196078431372549	6.475733430966398	89.0	0	0	3	7229	51424	205	205	0	1	0
286	0.20689655172413793	40.92264075510449	752.0	0	0	1	0	5347	202	228	1	0	0
336	0.018518518518518517	7.599912842187128	194.0	0	0	2	9773	23675	201	228	1	1	0
4	0.3333333333333333	5.554588851677638	47.0	0	0	0.5296108291031487	0	51174	0	194	0	1	0
558	0.014285714285714285	7.285402218862249	156.0	0	0	0.4703891708968513	0	0	0	202	1	0	0
58	0.0	0.0	0.0	0	0	4	6237	51548	196	222	0	0	0
3180	0.02727272727272727	20.87947406461402	380.0	0	0	1	0	2973	199	221	1	1	0
2508	0.04	26.584083745767195	441.0	0	1	0	3029	51424	205	205	1	1	0
880	0.01639344262295082	5.807354922057604	56.0	0	0	4	1506	50029	199	228	0	0	0
2256	0.07954545454545454	50.299965228251985	1107.0	0	0	2	0	50547	208	228	1	1	0
774	0.0	0.0	0.0	0	1	0	19562	20807	190	228	1	0	0
9996	0.0797872340425532	97.0221686235345	1553.0	0	0	3	2422	23965	205	209	0	1	0
1080	0.05714285714285714	25.470019324341504	349.0	0	0	2	11158	16420	190	228	1	0	0
294	0.0425531914893617	14.30035256032822	298.0	0	0	1	1277	50034	199	223	1	0	0
136	0.0	0.0	0.0	0	0	1.4703891708968513	0	50034	0	209	1	0	0
494	0.0851063829787234	25.999474325260554	400.0	0	1	0	3029	25551	0	228	1	1	0
1920	0.011494252873563218	6.894817763307944	119.0	0	0	1	0	2702	194	204	1	1	0
4620	0.06369426751592357	64.93324390343527	928.0	0	0	3	4481	23308	192	212	0	0	0
3283	0.017543859649122806	13.204571144249204	219.0	0	0	3	24491	25399	208	212	1	0	0
3050	0.04716981132075472	30.79675843095654	382.0	0	0	2	23330	50568	194	207	0	0	0
136	0.0	0.0	0.0	0	0	1.5296108291031487	0	25659	0	199	0	0	0
14	0.0	0.0	0.0	0	0	1.4703891708968513	0	7229	0	205	1	0	0
38	0.0	0.0	0.0	0	0	1.4703891708968513	0	11729	0	209	0	0	0
360	0.0	0.0	0.0	0	0	0.4703891708968513	0	52730	0	207	0	0	0
936	0.22807017543859648	77.33022427208795	884.0	0	1	0.0	3301	16329	199	228	0	0	0
1558	0.030612244897959183	19.923167871022137	330.0	0	0	3	1562	52131	199	208	0	0	0
1272	0.0	0.0	0.0	0	0	3	0	16075	212	222	1	1	0
252	0.0	0.0	0.0	0	0	2	0	50864	195	228	0	0	0
294	0.0	0.0	0.0	0	1	0	0	0	200	208	1	1	0
1344	0.0410958904109589	19.570003904064325	306.0	0	0	1	1912	23675	199	228	1	1	0
15	0.0	0.0	0.0	0	0	1.4703891708968513	11931	20454	199	201	1	0	0
2040	0.08888888888888889	56.1451537382443	1083.0	0	0	3	0	1702	0	223	1	0	0
210	0.0	0.0	0.0	0	0	1.5296108291031487	7903	50750	211	224	0	0	0
1710	0.0	0.0	0.0	0	0	0.5296108291031487	3034	50692	190	222	1	1	0
1204	0.16393442622950818	65.33109444421544	980.0	1	1	0	3749	9506	201	228	1	1	0
810	0.0	0.0	0.0	0	0	1	15996	50112	228	228	1	1	0
440	0.0	0.0	0.0	0	0	1	0	5203	199	202	0	0	0
1224	0.0273972602739726	12.531381460516313	154.0	0	0	1	2960	51697	205	228	1	1	0
1089	0.0	0.0	0.0	0	0	1	3310	18003	199	220	1	0	0
31	0.0	0.0	0.0	0	0	1.4703891708968513	0	50112	0	228	0	0	0
144	0.0	0.0	0.0	0	0	1.4703891708968513	0	3841	0	201	0	0	0
1848	0.009523809523809525	5.554588851677638	47.0	0	0	5	1942	11468	208	228	0	0	0
22	0.0	0.0	0.0	0	0	0.4703891708968513	0	2890	0	196	1	0	0
120	0.0	0.0	0.0	0	0	3	1320	5347	208	228	0	0	0
1599	0.05263157894736842	27.291775766879216	507.0	0	0	3	1496	18003	199	208	0	0	0
2754	0.10576923076923077	71.94475251220979	1127.0	1	0	2	2460	11880	202	208	1	1	0
3192	0.056074766355140186	43.166074423988064	934.0	0	0	2	1278	52343	201	202	0	1	0
345	0.0	0.0	0.0	0	0	1.4703891708968513	16258	19839	201	208	0	1	0
4935	0.034013605442176874	33.47053019863555	546.0	0	0	3	4686	15907	204	228	0	1	0
570	0.0	0.0	0.0	0	0	2	10870	50747	190	208	0	1	0
840	0.025	14.663113308455806	325.0	0	1	0.0	0	23675	0	228	1	0	0
119	0.0	0.0	0.0	0	0	0.5296108291031487	0	3412	0	223	1	1	0
162	0.08	13.911391987843459	251.0	0	0	0.5296108291031487	0	16077	0	208	1	0	0
812	0.014705882352941176	21.177185922080557	408.0	0	0	0.4703891708968513	0	6895	0	199	0	0	0
648	0.0	0.0	0.0	0	0	1	11880	21548	202	223	0	1	0
